3.882406, -1.500513
3.813550, -1.519510
3.771862, -1.526537
3.746052, -1.529246
3.729841, -1.530319
3.719564, -1.530751
3.713010, -1.530927
3.708815, -1.531000
3.706123, -1.531029
3.704392, -1.531042
3.703279, -1.531047
3.702563, -1.531049
3.702101, -1.531050
3.701804, -1.531050
3.701613, -1.531050
3.701489, -1.531050
3.701410, -1.531050
3.701359, -1.531050
3.701325, -1.531050
3.701304, -1.531050
3.701290, -1.531050
3.701282, -1.531050
3.701276, -1.531050
3.701272, -1.531050
3.701270, -1.531050
3.701268, -1.531050
3.701267, -1.531050
3.701267, -1.531050
3.701266, -1.531050
3.701266, -1.531050
3.701266, -1.531050
